1	9	85156
2	36	410331
3	76	410331
4	91	617588
5	108	410331
6	109	410331
7	110	410331
8	111	410331
9	112	410331
10	113	410331
11	132	617588
12	138	617588
13	174	841389
14	181	674518
15	190	841389
16	211	617588
17	215	841389
18	218	617588
19	225	207305
20	229	857203
21	230	674518
22	235	353584
23	242	617588
24	273	932055
25	306	636
26	318	804433
27	358	954087
28	363	95816
29	368	674518
30	376	670740
31	380	674518
32	413	617588
33	447	692105
34	471	832952
35	472	832952
36	486	850483
37	488	794919
38	498	1539443
39	504	185426
40	505	381874
41	509	381874
42	510	63413
43	511	401076
44	515	159015
45	530	159015
46	531	159015
47	535	488932
48	541	630737
49	542	5717
50	546	565560
51	548	647763
52	555	630737
53	557	601940
54	564	2042
55	565	601061
56	574	846879
57	575	894523
58	583	241414
59	591	141150
60	593	5717
61	598	636
62	601	3471
63	602	630737
64	609	636
65	610	636
66	614	159015
67	617	630737
68	628	853193
69	630	636
70	631	636
71	634	636
72	637	491819
73	638	428
74	640	428
75	641	428
76	644	428
77	645	428
78	653	428
79	668	241416
80	677	692105
81	678	5717
82	684	428
83	699	428
84	717	636
85	727	784407
86	728	428
87	734	636
88	741	428
89	750	636
90	752	428
91	754	636
92	778	428
93	790	95816
94	797	428
95	801	428
96	805	5717
97	825	428
98	827	853193
99	828	428
100	831	428
101	833	428
102	841	681933
103	847	93361
104	852	428
105	857	428
106	875	428
107	877	428
108	878	428
109	881	304098
110	882	428
111	885	5717
112	886	636
113	887	205986
114	892	428
115	905	428
116	912	853193
117	922	428
118	935	428
119	938	428
120	945	853193
121	946	428
122	950	636
123	957	596942
124	960	853193
125	969	401076
126	975	428
127	976	428
128	979	612348
129	998	636
130	999	488932
131	1000	428
132	1002	428
133	1011	428
134	1013	940488
135	1014	428
136	1017	584273
137	1030	676645
138	1045	636
139	1062	428
140	1065	428
141	1084	428
142	1091	428
143	1105	300487
144	1109	304098
145	1112	636
146	1117	636
147	1118	853193
148	1120	853193
149	1129	388062
150	1150	853193
151	1157	877783
152	1173	304098
153	1185	928492
154	1194	486197
155	1207	940488
156	1212	159015
157	1215	304098
158	1216	853193
159	1217	853193
160	1218	159015
161	1219	159015
162	1227	567615
163	1232	717281
164	1235	940488
165	1243	853193
166	1245	428
167	1246	159015
168	1248	853193
169	1249	940488
170	1256	355555
171	1265	853193
172	1269	1908
173	1284	376396
174	1292	853193
175	1302	455544
176	1304	1234686
177	1305	159015
178	1311	126406
179	1314	636
180	1332	853193
181	1337	428
182	1340	853193
183	1341	1024681
184	1351	853193
185	1355	5717
186	1366	159015
187	1372	1908
188	1377	636
189	1378	636
190	1384	853193
191	1386	304098
192	1388	355555
193	1396	940488
194	1400	752754
195	1405	853193
196	1421	304098
197	1427	853193
198	1428	382850
199	1430	752754
200	1431	455504
201	1439	940488
202	1444	197062
203	1445	500580
204	1452	853193
205	1454	940488
206	1457	84352
207	1458	940488
208	1459	232681
209	1475	108345
210	1496	41858
211	1497	280003
212	1508	703644
213	1527	823088
214	1536	1908
215	1544	2042
216	1545	674518
217	1567	304098
218	1583	304098
219	1590	348062
220	1592	491503
221	1600	1908
222	1603	406094
223	1608	595713
224	1609	5717
225	1630	300487
226	1671	852022
227	1680	355555
228	1681	355555
229	1682	581683
230	1689	38106
231	1692	300487
232	1694	58849
233	1696	369839
234	1710	500580
235	1715	636
236	1720	58849
237	1737	565560
238	1740	784407
239	1741	500580
240	1761	636
241	1763	681933
242	1771	41858
243	1776	216211
244	1789	377289
245	1791	581683
246	1807	408436
247	1841	940488
248	1842	698839
249	1849	1908
250	1857	636
251	1858	304098
252	1866	7215
253	1871	377289
254	1896	853193
255	1910	408436
256	1913	355555
257	1923	875869
258	1926	241416
259	1957	528064
260	1964	954390
261	1971	325448
262	1978	856161
263	1993	304098
264	2000	256221
265	2015	837989
266	2020	603447
267	2022	28916
268	2025	23107
269	2026	259235
270	2029	300487
271	2031	636
272	2038	355555
273	2054	377289
274	2056	823088
275	2064	377289
276	2078	428
277	2082	859
278	2097	377289
279	2100	717468
280	2111	633215
281	2122	115160
282	2126	818080
283	2130	19604
284	2144	532622
285	2150	581683
286	2151	536368
287	2153	458071
288	2159	635667
289	2160	511729
290	2162	428
291	2163	903959
292	2171	18392
293	2187	581683
294	2190	355555
295	2197	428
296	2199	310155
297	2206	532622
298	2208	377289
299	2226	823088
300	2230	408436
301	2260	565560
302	2262	304098
303	2277	377289
304	2281	837989
305	2284	869665
306	2294	300487
307	2302	681933
308	2303	377289
309	2324	107940
310	2333	300487
311	2340	511729
312	2349	304098
313	2350	428
314	2354	511729
315	2355	511729
316	2370	612348
317	2373	830249
318	2375	304098
319	2384	520524
320	2387	376396
321	2395	304098
322	2400	377289
323	2405	2042
324	2409	377289
325	2415	428
326	2475	316947
327	2493	682795
328	2497	377289
329	2499	408433
330	2500	775725
331	2512	377289
332	2531	300487
333	2537	2557111
334	2538	829044
335	2540	2558782
336	2544	830249
337	2547	63492
338	2553	9926
339	2555	366078
340	2562	717281
341	2566	853193
342	2590	300487
343	2635	242139
344	2642	1437660
345	2647	217615
346	2648	263912
347	2668	355555
348	2674	237713
349	2688	744504
350	2692	818080
351	2702	62934
352	2718	634515
353	2724	58849
354	2742	841608
355	2752	818080
356	2773	209331
357	2787	205986
358	2795	934979
359	2801	532622
360	2802	205986
361	2833	263912
362	2834	169871
363	2841	636
364	2843	582539
365	2851	784407
366	2863	300487
367	2864	905937
368	2880	823088
369	2885	938041
370	2894	629243
371	2897	829044
372	2901	883920
373	2906	1156622
374	2907	433165
375	2910	166693
376	2916	1330620
377	2927	717468
378	2941	871879
379	2954	519303
380	2962	276165
381	2976	871879
382	2979	132324
383	2980	717468
384	2985	519720
385	2987	698839
386	2989	242139
387	2990	916665
388	3004	245385
389	3015	434688
390	3045	761245
391	3071	307038
392	3078	594291
393	3081	518840
394	3108	636
395	3119	830249
396	3131	532622
397	3132	511729
398	3134	245385
399	3151	940488
400	3154	518840
401	3162	830249
402	3164	2143234
403	3172	47889
404	3208	159654
405	3223	1908
406	3241	794109
407	3242	107816
408	3250	321652
409	3277	169871
410	3287	519315
411	3305	1455759
412	3307	370271
413	3309	283802
414	3320	534221
415	3323	940488
416	3330	915270
417	3342	717281
418	3345	300487
419	3348	790263
420	3360	388674
421	3363	853193
422	3368	594291
423	3369	242139
424	3375	242139
425	3387	869665
426	3394	1437660
427	3424	916665
428	3433	59150
429	3442	362762
430	3454	714126
431	3463	533954
432	3475	413045
433	3488	78442
434	3497	377289
435	3500	830249
436	3502	901629
437	3512	479514
438	3539	727550
439	3540	53820
440	3565	902961
441	3576	78442
442	3583	803705
443	3586	408433
444	3587	894523
445	3591	107543
446	3596	203559
447	3599	454564
448	3607	779
449	3609	903959
450	3616	784407
451	3622	144876
452	3628	169871
453	3633	929147
454	3651	88618
455	3655	397167
456	3665	329039
457	3685	2822670
458	3694	803705
459	3704	1908
460	3724	929808
461	3725	725944
462	3730	566559
463	3733	122
464	3760	122
465	3762	830249
466	3772	674518
467	3784	106218
468	3803	518844
469	3839	61955
470	3854	795851
471	3870	943285
472	3880	803705
473	3883	674600
474	3884	300487
475	3887	320618
476	3928	916665
477	3944	404327
478	3951	318397
479	3954	347320
480	3955	5717
481	3975	396433
482	3978	341185
483	3981	666662
484	3985	580648
485	3990	117997
486	3996	523932
487	3998	169871
488	3999	830249
489	4002	2616
490	4004	1517169
491	4005	395216
492	4007	122
493	4008	565560
494	4011	122
495	4029	111531
496	4041	169871
497	4045	666662
498	4047	528064
499	4049	636
500	4053	1977140
501	4065	238714
502	4074	122
503	4087	169871
504	4098	871879
505	4099	875
506	4100	122
507	4101	122
508	4102	122
509	4103	809834
510	4108	122
511	4109	76642
512	4112	674398
513	4120	666662
514	4129	823088
515	4134	916665
516	4141	773303
517	4143	431914
518	4147	422065
519	4150	193327
520	4152	205986
521	4155	454562
522	4156	304098
523	4178	662462
524	4193	428734
525	4194	122
526	4198	528064
527	4200	652650
528	4204	245385
529	4209	837989
530	4211	263912
531	4225	853193
532	4228	929808
533	4231	345217
534	4242	1287971
535	4247	171421
536	4262	85865
537	4267	309567
538	4274	433165
539	4276	267638
540	4277	122
541	4279	635667
542	4286	875
543	4288	381902
544	4305	823088
545	4306	347320
546	4311	122
547	4312	2503
548	4316	511729
549	4319	2503
550	4320	132324
551	4322	394408
552	4324	151606
553	4349	593010
554	4374	192062
555	4379	562004
556	4390	903941
557	4391	668813
558	4395	122
559	4413	152165
560	4437	743047
561	4448	446189
562	4457	875
563	4468	192062
564	4480	871879
565	4488	928204
566	4496	908753
567	4499	122
568	4502	528064
569	4503	445856
570	4507	172741
571	4517	666662
572	4518	122
573	4525	241416
574	4539	1287902
575	4546	122
576	4554	666220
577	4569	683115
578	4572	865601
579	4580	78442
580	4581	452283
581	4593	57316
582	4603	295843
583	4648	624601
584	4649	624601
585	4650	624601
586	4656	829044
587	4660	290822
588	4676	594291
589	4679	169871
590	4688	77056
591	4690	445856
592	4693	122
593	4694	205653
594	4696	241416
595	4701	338708
596	4735	309149
597	4736	122
598	4739	837989
599	4740	501872
600	4802	445856
601	4811	426900
602	4832	232713
603	4842	929808
604	4852	515979
605	4858	107543
606	4861	570770
607	4885	364525
608	4901	461295
609	4908	706995
610	4922	594291
611	4923	790263
612	4924	473134
613	4936	122
614	4949	570633
615	4961	417646
616	4962	837989
617	4965	400912
618	4969	421030
619	4971	292470
620	4979	523932
621	4984	127511
622	4992	791017
623	4997	594291
624	5001	366609
625	5002	370271
626	5026	1908
627	5027	1908
628	5044	122
629	5048	949617
630	5055	417646
631	5066	111576
632	5074	122
633	5084	172413
634	5095	727497
635	5096	490163
636	5103	877332
637	5105	420203
638	5116	106218
639	5118	106218
640	5131	11840
641	5133	68186
642	5136	697880
643	5139	397313
644	5144	875
645	5148	775419
646	5149	408436
647	5159	922286
648	5171	400912
649	5172	837989
650	5178	9950
651	5188	446189
652	5195	564946
653	5196	205343
654	5197	550220
655	5199	763453
656	5220	138043
657	5225	138043
658	5230	148546
659	5232	2892935
660	5240	550220
661	5243	254876
662	5245	397313
663	5250	128991
664	5263	11748
665	5272	11748
666	5295	651630
667	5320	784407
668	5326	769091
669	5328	328930
670	5331	408863
671	5332	304098
672	5336	304098
673	5338	814501
674	5347	837989
675	5348	9257
676	5349	166777
677	5353	556571
678	5365	257574
679	5370	567981
680	5376	927468
681	5386	808403
682	5390	790263
683	5394	661844
684	5395	1106577
685	5403	837989
686	5412	132017
687	5425	117997
688	5428	661844
689	5431	837989
690	5438	450440
691	5440	432305
692	5441	536355
693	5442	168915
694	5445	138043
695	5449	67584
696	5451	388795
697	5452	47668
698	5453	594291
699	5461	364525
700	5464	205986
701	5482	192062
702	5484	784407
703	5491	926190
704	5493	165500
705	5497	375958
706	5522	544138
707	5526	784407
708	5527	784407
709	5529	159725
710	5530	304098
711	5532	536355
712	5533	929808
713	5536	790263
714	5537	408863
715	5540	515979
716	5542	122
717	5543	405219
718	5551	399987
719	5553	837989
720	5555	385394
721	5563	490163
722	5566	76405
723	5567	490163
724	5571	122
725	5572	840218
726	5574	295843
727	5581	526226
728	5584	626315
729	5603	629884
730	5604	932440
731	5616	413045
732	5621	428
733	5622	823088
734	5629	426900
735	5640	697880
736	5644	593309
737	5646	233592
738	5651	938878
739	5652	138043
740	5663	292470
741	5666	35854
742	5679	906080
743	5682	519029
744	5684	875
745	5685	51304
746	5693	654652
747	5696	110394
748	5701	837989
749	5702	837989
750	5730	837989
751	5749	902557
752	5764	595630
753	5767	300143
754	5775	9257
755	5780	837989
756	5783	588497
757	5795	37791
758	5799	866243
759	5805	877057
760	5810	122
761	5812	122
762	5813	234502
763	5815	529814
764	5818	461721
765	5828	612348
766	5842	169088
767	5845	784407
768	5847	877318
769	5850	656360
770	5852	790263
771	5863	594291
772	5864	371278
773	5865	397313
774	5878	1106577
775	5884	191547
776	5898	366586
777	5900	949617
778	5910	1211
779	5929	808586
780	5949	594291
781	5957	728519
782	5958	759382
783	5969	365723
784	5971	565906
785	5978	838700
786	5999	594291
787	6008	916665
788	6012	847967
789	6032	122
790	6033	445856
791	6036	818080
792	6038	2271
793	6039	397412
794	6049	107543
795	6055	935488
796	6061	233592
797	6070	803705
798	6079	220025
799	6081	518844
800	6086	233592
801	6088	594291
802	6090	909820
803	6106	304098
804	6111	624601
805	6115	784407
806	6147	933640
807	6157	192062
808	6162	1106577
809	6168	300487
810	6176	378408
811	6177	122
812	6184	455493
813	6187	426661
814	6193	304098
815	6198	794109
816	6205	276501
817	6206	275421
818	6212	653223
819	6218	922928
820	6223	784407
821	6225	11840
822	6227	138043
823	6238	436576
824	6242	825225
825	6243	210352
826	6279	216393
827	6280	98376
828	6282	775419
829	6293	942917
830	6297	1227807
831	6304	853336
832	6309	122
833	6313	122
834	6316	605034
835	6318	294276
836	6323	28916
837	6327	210352
838	6332	304098
839	6349	523932
840	6352	613943
841	6357	2616
842	6358	412257
843	6375	837989
844	6381	115218
845	6385	526226
846	6397	160478
847	6399	192062
848	6407	594291
849	6408	822801
850	6411	932328
851	6426	682756
852	6431	1644607
853	6441	909825
854	6449	403319
855	6464	257574
856	6470	2271
857	6475	837989
858	6481	248940
859	6486	594291
860	6488	364550
861	6489	441601
862	6493	304098
863	6495	2271
864	6502	285643
865	6505	139349
866	6509	813905
867	6510	566338
868	6517	837989
869	6519	869665
870	6537	2771
871	6538	51140
872	6542	143333
873	6546	594291
874	6549	624714
875	6554	855577
876	6564	428
877	6566	309130
878	6571	837989
879	6574	935488
880	6575	227062
881	6583	639631
882	6588	370271
883	6592	428
884	6596	837989
885	6607	138043
886	6611	304098
887	6623	878494
888	6635	560543
889	6636	2061
890	6637	166693
891	6644	837989
892	6647	11748
893	6662	456804
894	6668	779
895	6673	1064874
896	6675	517786
897	6680	2177
898	6683	304098
899	6690	143333
900	6698	304098
901	6699	547966
902	6708	725529
903	6709	649155
904	6713	304098
905	6717	661844
906	6723	597995
907	6725	721840
908	6729	721840
909	6731	566338
910	6735	480376
911	6736	1196
912	6740	2271
913	6745	566338
914	6747	661844
915	6748	536355
916	6756	432305
917	6763	533220
918	6764	779
919	6769	841389
920	6771	412257
921	6775	925795
922	6778	566338
923	6780	837989
924	6781	640437
925	6787	631438
926	6788	613943
927	6799	227062
928	6807	428059
929	6810	784407
930	6820	1720536
931	6821	803705
932	6822	370271
933	6824	837989
934	6826	428
935	6830	420203
936	6831	216393
937	6833	355555
938	6842	536355
939	6843	678615
940	6849	164856
941	6851	340719
942	6858	478752
943	6865	412257
944	6867	782707
945	6876	371389
946	6881	58849
947	6884	728519
948	6889	1109981
949	6902	88618
950	6903	459319
951	6904	536355
952	6905	466099
953	6907	164856
954	6910	193617
955	6913	594291
956	6914	877318
957	6915	200667
958	6916	294276
959	6932	924365
960	6933	682756
961	6942	533102
962	6946	502752
963	6991	192062
964	6996	636
965	6997	665163
966	7010	2007838
967	7012	529481
968	7025	166693
969	7030	450442
970	7039	665737
971	7043	428
972	7044	169243
973	7045	940593
974	7049	511729
975	7052	817336
976	7057	636
977	7063	822428
978	7074	20764
979	7075	529816
980	7080	594291
981	7081	594291
982	7093	287593
983	7099	936767
984	7102	674398
985	7104	166693
986	7109	774256
987	7111	733208
988	7114	533102
989	7115	139636
990	7118	166693
991	7120	518840
992	7128	413045
993	7133	631438
994	7134	275421
995	7136	97648
996	7144	823088
997	7146	323325
998	7150	166693
999	7160	441601
1000	7161	64819
1001	7165	566274
1002	7167	837989
1003	7168	485
1004	7170	916665
1005	7180	370271
1006	7181	164856
1007	7184	406585
1008	7189	837989
1009	7190	388795
1010	7194	122
1011	7200	594291
1012	7202	430053
1013	7206	397313
1014	7222	1331057
1015	7229	397211
1016	7232	304098
1017	7237	359105
1018	7241	118083
1019	7242	210352
1020	7245	594291
1021	7246	291408
1022	7260	837989
1023	7261	547966
1024	7265	547966
1025	7273	594291
1026	7277	524306
1027	7281	425924
1028	7282	533102
1029	7283	948348
1030	7297	87658
1031	7299	916665
1032	7300	205653
1033	7304	388795
1034	7307	927468
1035	7322	877318
1036	7334	837989
1037	7336	594291
1038	7345	18470
1039	7352	613943
1040	7353	566338
1041	7355	390003
1042	7360	395002
1043	7364	927434
1044	7368	934979
1045	7369	594291
1046	7379	940425
1047	7388	397313
1048	7391	837183
1049	7392	837989
1050	7400	2616
1051	7403	1060227
1052	7406	770337
1053	7411	779480
1054	7423	594291
1055	7425	594291
1056	7429	48478
1057	7439	143975
1058	7451	193617
1059	7459	894015
1060	7465	594291
1061	7466	594291
1062	7475	594291
1063	7479	370271
1064	7486	594291
1065	7490	669260
1066	7491	669260
1067	7492	275421
1068	7506	370271
1069	7512	205343
1070	7518	238304
1071	7521	692105
1072	7524	613943
1073	7535	916665
1074	7542	594291
1075	7547	1720536
1076	7548	773303
1077	7550	2616
1078	7567	215877
1079	7570	250053
1080	7581	727333
1081	7582	513623
1082	7591	649155
1083	7608	88618
1084	7611	446189
1085	7617	566338
1086	7623	847910
1087	7624	907778
1088	7627	708673
1089	7646	188105
1090	7672	441601
1091	7677	446189
1092	7679	304098
1093	7681	2131092
1094	7686	907778
1095	7694	547966
1096	7695	320681
1097	7697	909825
1098	7699	940488
1099	7709	907778
1100	7717	403319
1101	7727	403319
1102	7735	448013
1103	7743	115115
1104	7748	924365
1105	7755	387000
1106	7764	907778
1107	7765	266191
1108	7768	228693
1109	7773	120762
1110	7782	76606
1111	7783	387549
1112	7786	668813
1113	7790	834496
1114	7802	784407
1115	7809	907778
1116	7811	370271
1117	7819	779
1118	7825	779
1119	7826	633693
1120	7833	698839
1121	7834	606581
1122	7837	449516
1123	7840	678232
1124	7841	2616
1125	7852	2588353
1126	7854	402239
1127	7858	500743
1128	7876	433165
1129	7892	9257
1130	7894	304202
1131	7908	665737
1132	7928	93113
1133	7929	317887
1134	7949	370271
1135	7950	661844
1136	7956	907778
1137	7958	554955
1138	7972	528064
1139	7974	299154
1140	7976	653288
1141	7979	450765
1142	7980	943285
1143	7983	927468
1144	7984	883335
1145	7986	88618
1146	7987	924365
1147	7995	397211
1148	8000	824274
1149	8004	172413
1150	8010	640437
1151	8014	318397
1152	8016	433165
1153	8036	441601
1154	8043	917467
1155	8044	837989
1156	8068	877332
1157	8073	193617
1158	8087	148546
1159	8099	485
1160	8113	1356240
1161	8115	336984
1162	8116	791014
1163	8127	782707
1164	8131	837989
1165	8134	2616
1166	8142	371972
1167	8154	536355
1168	8161	645138
1169	8162	523932
1170	8163	439366
1171	8173	292873
1172	8180	536355
1173	8189	122507
1174	8199	2271
1175	8203	907778
1176	8215	932440
1177	8227	790263
1178	8239	674600
1179	8242	32464
1180	8243	809633
1181	8249	317887
1182	8252	283873
1183	8254	950150
1184	8267	490163
1185	8279	304098
1186	8280	276501
1187	8281	511729
1188	8282	446189
1189	8283	304602
1190	8286	730039
1191	8291	682756
1192	8292	88618
1193	8293	370271
1194	8300	813197
1195	8304	507641
1196	8306	605942
1197	8307	41669
1198	8315	587929
1199	8340	721840
1200	8343	461241
1201	8348	373348
1202	8350	165470
1203	8356	761244
1204	8359	724883
1205	8360	61955
1206	8369	640437
1207	8379	940488
1208	8386	75160
1209	8388	9257
1210	8402	370271
1211	8404	928108
1212	8408	943285
1213	8413	688853
1214	8420	442605
1215	8421	439208
1216	8431	917467
1217	8445	426515
1218	8449	728585
1219	8456	751510
1220	8469	279404
1221	8502	413045
1222	8518	594291
1223	8520	784407
1224	8522	172413
1225	8526	203836
1226	8528	286763
1227	8530	594291
1228	8536	88020
1229	8538	165470
1230	8539	420203
1231	8542	18470
1232	8547	406
1233	8550	265572
1234	8569	165470
1235	8571	448981
1236	8581	594291
1237	8587	230208
1238	8588	304202
1239	8589	409859
1240	8595	163425
1241	8598	594291
1242	8600	924365
1243	8602	662701
1244	8603	191643
1245	8605	387000
1246	8606	751292
1247	8607	816023
1248	8609	299154
1249	8611	478752
1250	8617	653288
1251	8619	374122
1252	8622	454479
1253	8623	370271
1254	8628	907778
1255	8629	547966
1256	8634	387000
1257	8638	932048
1258	8657	49201
1259	8660	490163
1260	8672	596410
1261	8678	208901
1262	8685	924365
1263	8688	594291
1264	8692	406
1265	8705	155009
1266	8706	426900
1267	8708	613943
1268	8712	669260
1269	8715	518840
1270	8721	248940
1271	8729	265901
1272	8732	2206647
1273	8737	359105
1274	8740	528064
1275	8743	122507
1276	8744	540213
1277	8748	518844
1278	8750	551361
1279	8752	907778
1280	8756	370271
1281	8757	649932
1282	8758	1720536
1283	8760	408932
1284	8767	337612
1285	8789	370271
1286	8797	669640
1287	8799	784461
1288	8800	1596973
1289	8803	304098
1290	8807	337395
1291	8811	101038
1292	8814	721840
1293	8821	566338
1294	8824	299154
1295	8832	425766
1296	8834	99943
1297	8846	279404
1298	8849	9257
1299	8851	922286
1300	8864	71596
1301	8866	783865
1302	8874	779
1303	8883	929808
1304	8890	515979
1305	8892	370271
1306	8894	403319
1307	8907	122
1308	8922	448013
1309	8927	932328
1310	8929	51140
1311	8933	234502
1312	8937	279404
1313	8951	441601
1314	8954	446189
1315	8957	853042
1316	8962	547966
1317	8964	697880
1318	8974	291548
1319	8975	779
1320	8980	561651
1321	8986	806414
1322	8987	127511
1323	8990	813905
1324	9013	73147
1325	9014	304098
1326	9018	122
1327	9019	119138
1328	9028	294276
1329	9031	304098
1330	9036	932328
1331	9039	720060
1332	9041	909825
1333	9045	279404
1334	9050	93113
1335	9051	523932
1336	9062	523932
1337	9071	907778
1338	9077	370271
1339	9079	140562
1340	9085	413531
1341	9092	369458
1342	9095	430756
1343	9096	1120147
1344	9117	533102
1345	9118	547966
1346	9122	644220
1347	9123	779
1348	9135	384248
1349	9139	165470
1350	9143	245385
1351	9150	428
1352	9154	533102
1353	9157	279404
1354	9159	81019
1355	9170	907778
1356	9173	228693
1357	9175	75160
1358	9177	430756
1359	9185	775419
1360	9192	763453
1361	9196	265572
1362	9210	934979
1363	9213	165470
1364	9214	783865
1365	9217	139636
1366	9219	817809
1367	9223	48478
1368	9230	70251
1369	9257	507641
1370	9266	784407
1371	9292	657131
1372	9299	108049
1373	9316	907778
1374	9319	837989
1375	9343	177641
1376	9356	847910
1377	9358	408863
1378	9372	206801
1379	9376	674600
1380	9385	77056
1381	9386	888396
1382	9389	779
1383	9391	9257
1384	9405	877332
1385	9415	473134
1386	9421	526226
1387	9426	950150
1388	9427	6276
1389	9428	247484
1390	9434	907778
1391	9473	448981
1392	9474	715564
1393	9482	153666
1394	9483	406585
1395	9491	275421
1396	9510	728519
1397	9511	416258
1398	9513	680450
1399	9517	164856
1400	9522	474486
1401	9524	909825
1402	9525	533954
1403	9529	1760930
1404	9530	153666
1405	9534	166693
1406	9550	783541
1407	9556	398464
1408	9558	314846
1409	9565	924842
1410	9566	506906
1411	9572	446189
1412	9593	820700
1413	9596	837989
1414	9597	517786
1415	9600	837989
1416	9602	853042
1417	9603	215874
1418	9608	206801
1419	9611	122
1420	9616	308574
1421	9620	565560
1422	9621	566338
1423	9624	940820
1424	9635	122507
1425	9643	430053
1426	9655	103755
1427	9659	853042
1428	9660	430756
1429	9671	725845
1430	9683	1064874
1431	9686	547966
1432	9696	507181
1433	9697	164856
1434	9700	370271
1435	9701	275421
1436	9705	907778
1437	9726	515979
1438	9728	153666
1439	9729	156318
1440	9732	907778
1441	9751	837989
1442	9768	73238
1443	9769	528064
1444	9782	119138
1445	9787	721840
1446	9789	837989
1447	9790	9257
1448	9791	299154
1449	9794	490163
1450	9812	499883
1451	9823	299154
1452	9826	166700
1453	9827	926417
1454	9832	909825
1455	9838	228693
1456	9843	792085
1457	9849	532185
1458	9858	674600
1459	9871	688853
1460	9882	382562
1461	9885	858501
1462	9887	907778
1463	9890	209780
1464	9896	883335
1465	9898	688853
1466	9899	369841
1467	9904	662701
1468	9908	907778
1469	9912	562047
1470	9924	896542
1471	9926	485
1472	9935	698839
1473	9940	408863
1474	9951	843353
1475	9956	808230
1476	9960	63492
1477	9961	299154
1478	9964	370271
1479	10006	907778
1480	10014	85975
1481	10022	241416
1482	10023	907778
1483	10024	907778
1484	10032	63492
1485	10041	34146
1486	10042	937289
1487	10051	50846
1488	10057	122
1489	10062	779
1490	10066	73592
1491	10071	534221
1492	10072	907778
1493	10074	164856
1494	10081	9257
1495	10083	430756
1496	10107	384248
1497	10108	428
1498	10109	791014
1499	10114	356204
1500	10115	286728
1501	10116	433584
1502	10117	448981
1503	10119	507181
1504	10121	240534
1505	10125	127511
1506	10128	279404
1507	10131	341486
1508	10134	588865
1509	10141	886754
1510	10145	485
1511	10149	388674
1512	10155	369841
1513	10169	63492
1514	10181	730018
1515	10184	474984
1516	10186	645138
1517	10188	430756
1518	10189	325448
1519	10199	824274
1520	10201	245213
1521	10203	485
1522	10215	837989
1523	10221	369841
1524	10223	907778
1525	10225	907778
1526	10230	228693
1527	10238	715852
1528	10242	699077
1529	10248	463023
1530	10256	907778
1531	10258	907778
1532	10259	528064
1533	10261	916665
1534	10265	275421
1535	10278	139714
1536	10282	927468
1537	10294	920384
1538	10299	447968
1539	10300	688853
1540	10302	927468
1541	10307	304098
1542	10309	243295
1543	10311	907778
1544	10312	803842
1545	10314	837989
1546	10329	903282
1547	10330	653160
1548	10337	797730
1549	10347	927468
1550	10349	902376
1551	10359	485
1552	10367	666286
1553	10369	68186
1554	10373	784407
1555	10375	107200
1556	10378	888539
1557	10398	73238
1558	10402	408863
1559	10419	515979
1560	10424	410859
1561	10432	313888
1562	10434	927468
1563	10437	401076
1564	10439	528351
1565	10454	111564
1566	10459	249772
1567	10468	63061
1568	10470	730039
1569	10475	532232
1570	10484	428
1571	10489	561835
1572	10498	107543
1573	10508	907778
1574	10510	784407
1575	10511	954657
1576	10514	180429
1577	10527	588505
1578	10533	1720536
1579	10534	896542
1580	10536	952499
1581	10552	907778
1582	10553	887942
1583	10560	114266
1584	10565	205986
1585	10570	1522121
1586	10580	896542
1587	10593	421031
1588	10595	75160
1589	10596	652650
1590	10602	420203
1591	10609	485
1592	10615	430756
1593	10640	507181
1594	10642	166700
1595	10644	398464
1596	10645	448981
1597	10648	387000
1598	10649	448013
1599	10653	421031
1600	10654	837989
1601	10660	426515
1602	10662	853193
1603	10693	909825
1604	10694	288986
1605	10700	448981
1606	10714	907778
1607	10724	820607
1608	10726	485
1609	10729	299154
1610	10739	286728
1611	10747	122
1612	10757	281502
1613	10764	765026
1614	10772	299154
1615	10779	18470
1616	10793	485
1617	10794	139636
1618	10795	18470
1619	10806	294026
1620	10807	896542
1621	10820	652247
1622	10822	674600
1623	10837	412257
1624	10843	920132
1625	10848	837989
1626	10853	837989
1627	10865	783865
1628	10869	507181
1629	10871	118329
1630	10874	592217
1631	10878	916665
1632	10881	299154
1633	10885	830766
1634	10892	50981
1635	10894	328859
1636	10901	728519
1637	10909	791014
1638	10910	704812
1639	10916	421031
1640	10925	784407
1641	10926	566338
1642	10934	294276
1643	10938	688543
1644	10939	528064
1645	10947	774012
1646	10961	530485
1647	10980	835547
1648	10982	921941
1649	11012	596410
1650	11031	562346
1651	11045	432305
1652	11064	720060
1653	11110	275421
1654	11112	18470
1655	11116	617202
1656	11137	797730
1657	11139	857710
1658	11148	1132351
1659	11170	837989
1660	11191	1132351
1661	11193	547966
1662	11214	264285
1663	11216	217526
1664	11221	562346
1665	11223	907778
1666	11234	265572
1667	11239	331003
1668	11253	783865
1669	11263	907778
1670	11279	166700
1671	11289	164856
1672	11300	430756
1673	11306	413045
1674	11312	876803
1675	11321	88618
1676	11331	215672
1677	11333	140562
1678	11341	763453
1679	11347	430756
1680	11351	562346
1681	11352	309186
1682	11361	647652
1683	11367	170401
1684	11369	304328
1685	11374	742621
1686	11376	491503
1687	11400	485133
1688	11407	166700
1689	11413	152165
1690	11416	837989
1691	11419	784407
1692	11421	569805
1693	11425	1260608
1694	11428	580648
1695	11429	687741
1696	11441	115040
1697	11457	724883
1698	11461	853130
1699	11470	408863
1700	11487	691748
1701	11496	279404
1702	11499	74790
1703	11500	474487
1704	11503	742621
1705	11507	51304
1706	11515	63492
1707	11519	369839
1708	11521	907778
1709	11530	426515
1710	11542	669640
1711	11559	243295
1712	11577	808230
1713	11584	281502
1714	11602	597597
1715	11618	245213
1716	11634	18470
1717	11637	782707
1718	11649	907778
1719	11654	927468
1720	11676	418837
1721	11677	376396
1722	11679	837989
1723	11694	441601
1724	11705	299154
1725	11708	183968
1726	11716	534221
1727	11721	412257
1728	11723	485
1729	11731	645138
1730	11735	657535
1731	11744	923025
1732	11749	166700
1733	11770	852109
1734	11784	206801
1735	11827	426515
1736	11848	240534
1737	11851	604526
1738	11856	325448
1739	11858	428219
1740	11864	425456
1741	11866	907778
1742	11870	584778
1743	11877	837989
1744	11884	299154
1745	11899	82914
1746	11905	292765
1747	11946	329039
1748	11948	511729
1749	11951	448981
1750	11955	927851
1751	11965	202540
1752	11969	598775
1753	11975	770337
1754	11983	299154
1755	11999	784407
1756	12061	299154
1757	12113	170401
1758	12114	940820
1759	12118	192325
1760	12123	565560
1761	12125	364668
1762	12134	478303
1763	12137	390041
1764	12143	73238
1765	12157	72911
1766	12160	81788
1767	12166	887429
1768	12168	491503
1769	12175	217526
1770	12177	334612
1771	12183	321216
1772	12194	401429
1773	12196	400912
1774	12199	1988420
1775	12240	285633
1776	12242	837989
1777	12248	837989
1778	12266	604526
1779	12271	364668
1780	12279	518840
1781	12281	562346
1782	12283	806061
1783	12287	240534
1784	12289	828574
1785	12298	404431
1786	12302	454513
1787	12304	122
1788	12308	403106
1789	12321	448981
1790	12335	78750
1791	12342	610620
1792	12343	193617
1793	12349	122
1794	12355	234608
1795	12358	826094
1796	12359	806061
1797	12365	2351322
1798	12370	227062
1799	12374	118266
1800	12375	491503
1801	12380	585931
1802	12386	652650
1803	12393	177468
1804	12395	518711
1805	12402	604679
1806	12408	547966
1807	12419	715564
1808	12428	766581
1809	12430	680037
1810	12452	432653
1811	12454	485133
1812	12461	2132956
1813	12463	552228
1814	12466	54045
1815	12478	9257
1816	12496	78750
1817	12502	62738
1818	12518	400912
1819	12548	275421
1820	12560	75160
1821	12585	933026
1822	12602	775419
1823	12626	225458
1824	12634	533954
1825	12643	924365
1826	12659	170401
1827	12666	343691
1828	12682	934979
1829	12687	206802
1830	12693	245385
1831	12710	1966878
1832	12723	810611
1833	12727	184632
1834	12739	58792
1835	12740	856602
1836	12749	102908
1837	12757	806061
1838	12762	831958
1839	12768	604526
1840	12771	562346
1841	12773	839497
1842	12782	855577
1843	12810	561571
1844	12826	932048
1845	12827	916665
1846	12831	916665
1847	12834	291408
1848	12835	260726
1849	12836	192325
1850	12849	606563
1851	12867	9257
1852	12870	357929
1853	12873	823088
1854	12877	604526
1855	12894	635388
1856	12902	866253
1857	12903	299154
1858	12929	604679
1859	12935	73592
1860	12966	774539
1861	12978	866253
1862	12979	332539
1863	12984	719743
1864	12988	366457
1865	12992	604679
1866	12994	881333
1867	12996	705298
1868	13015	382476
1869	13022	400912
1870	13031	878338
1871	13032	697880
1872	13042	421031
1873	13060	166259
1874	13068	309130
1875	13072	183968
1876	13085	670909
1877	13103	309567
1878	13118	547155
1879	13119	332539
1880	13122	217526
1881	13126	387549
1882	13134	510024
1883	13142	878367
1884	13180	299154
1885	13181	759253
1886	13185	808230
1887	13186	604679
1888	13218	455938
1889	13222	309567
1890	13231	775471
1891	13233	883328
1892	13244	176472
1893	13257	159725
1894	13260	291408
1895	13263	266691
1896	13265	227062
1897	13270	940820
1898	13297	775471
1899	13308	937149
1900	13313	102643
1901	13317	66517
1902	13322	319401
1903	13328	950224
1904	13334	373511
1905	13336	522674
1906	13340	1141114
1907	13341	730386
1908	13343	678483
1909	13348	265572
1910	13350	889172
1911	13361	387000
1912	13375	215874
1913	13388	345500
1914	13397	774539
1915	13416	592217
1916	13421	446189
1917	13432	949130
1918	13434	129711
1919	13443	631438
1920	13451	876445
1921	13458	428
1922	13465	1250355
1923	13481	831958
1924	13486	122
1925	13498	393949
1926	13509	56800
1927	13514	708956
1928	13528	299154
1929	13533	604679
1930	13545	400912
1931	13551	387000
1932	13566	104942
1933	13569	887429
1934	13574	534221
1935	13588	698839
1936	13598	498133
1937	13603	806061
1938	13606	832008
1939	13607	721840
1940	13618	174690
1941	13621	472812
1942	13622	796657
1943	13651	1185468
1944	13659	479877
1945	13663	388919
1946	13668	425045
1947	13670	596410
1948	13675	697880
1949	13688	547966
1950	13691	66247
1951	13696	806061
1952	13699	562346
1953	13700	83742
1954	13708	1105758
1955	13710	2271
1956	13713	9266
1957	13729	456634
1958	13737	183968
1959	13740	430756
1960	13746	242412
1961	13747	329039
1962	13748	170401
1963	13756	240534
1964	13759	472812
1965	13762	806061
1966	13775	806061
1967	13778	164596
1968	13779	597995
1969	13786	374123
1970	13788	823837
1971	13804	631438
1972	13805	949130
1973	13807	955604
1974	13816	691748
1975	13817	534221
1976	13835	74790
1977	13844	924365
1978	13851	547155
1979	13856	115063
1980	13861	783865
1981	13889	834898
1982	13904	925608
1983	13919	664251
1984	13920	75160
1985	13930	107838
1986	13931	657928
1987	13942	472385
1988	13945	299154
1989	13948	430756
1990	13949	838820
1991	13958	566338
1992	13968	860374
1993	13970	662566
1994	13974	329039
1995	13987	494497
1996	13991	72185
1997	13997	387000
1998	14018	720060
1999	14033	490660
2000	14043	1569876
2001	14060	547966
2002	14063	823088
2003	14067	919976
2004	14068	332539
2005	14072	546857
2006	14076	263912
2007	14084	132450
2008	14093	688853
2009	14096	446189
2010	14097	783865
2011	14126	954657
2012	14127	163937
2013	14150	595655
2014	14154	831958
2015	14155	1215154
2016	14167	3226
2017	14174	270842
2018	14176	794157
2019	14177	332531
2020	14183	3226
2021	14185	654687
2022	14186	89974
2023	14191	883335
2024	14193	178126
2025	14197	938282
2026	14203	915699
2027	14206	357929
2028	14212	400912
2029	14220	75318
2030	14223	669260
2031	14230	657928
2032	14238	425045
2033	14247	48305
2034	14253	454513
2035	14259	132450
2036	14260	631438
2037	14284	534288
2038	14312	295116
2039	14316	491048
2040	14321	299154
2041	14322	547966
2042	14328	207861
2043	14329	698839
2044	14330	140562
2045	14332	384682
2046	14338	275421
2047	14355	173017
2048	14358	122
2049	14359	48305
2050	14362	48305
2051	14365	589616
2052	14375	430756
2053	14383	781601
2054	14390	635212
2055	14400	77061
2056	14405	400912
2057	14413	688853
2058	14417	304098
2059	14455	159725
2060	14457	448978
2061	14458	436578
2062	14466	730018
2063	14467	784407
2064	14472	907279
2065	14497	400912
2066	14502	240534
2067	14504	776456
2068	14511	566338
2069	14513	232064
2070	14523	332531
2071	14524	562346
2072	14527	356931
2073	14530	168829
2074	14532	534221
2075	14539	406
2076	14548	192325
2077	14554	3226
2078	14555	401076
2079	14566	522674
2080	14579	275421
2081	14580	330246
2082	14584	823088
2083	14586	301961
2084	14596	454513
2085	14603	412257
2086	14604	428
2087	14610	417004
2088	14617	711679
2089	14624	122
2090	14626	73238
2091	14628	132450
2092	14631	950150
2093	14635	315780
2094	14638	733208
2095	14639	163937
2096	14644	547966
2097	14653	411722
2098	14669	6943
2099	14671	477743
2100	14672	150432
2101	14680	477515
2102	14689	365222
2103	14694	529568
2104	14698	120762
2105	14700	934979
2106	14703	524306
2107	14706	73238
2108	14709	85869
2109	14710	267913
2110	14713	266691
2111	14714	150432
2112	14742	95663
2113	14750	791019
2114	14762	298080
2115	14776	294276
2116	14778	509510
2117	14791	821707
2118	14797	385686
2119	14804	595655
2120	14821	877332
2121	14822	388919
2122	14823	413821
2123	14834	399203
2124	14843	448981
2125	14846	768362
2126	14858	837989
2127	14864	281611
2128	14878	120762
2129	14879	524306
2130	14882	905937
2131	14894	625424
2132	14895	413821
2133	14896	730039
2134	14898	504562
2135	14901	953123
2136	14909	75318
2137	14910	645060
2138	14911	907279
2139	14913	751292
2140	14924	90504
2141	14935	808230
2142	14939	1410868
2143	14940	613600
2144	14942	332539
2145	14944	487237
2146	14959	297039
2147	14961	477515
2148	14966	268787
2149	14967	907279
2150	14968	543122
2151	14969	120762
2152	14970	291047
2153	14979	593180
2154	14982	473134
2155	14993	387000
2156	14996	174688
2157	15021	332531
2158	15024	883328
2159	15025	849066
2160	15027	585498
2161	15039	895048
2162	15044	759041
2163	15046	503066
2164	15047	368692
2165	15053	163937
2166	15057	115040
2167	15059	178126
2168	15062	309130
2169	15064	562346
2170	15066	711679
2171	15070	413821
2172	15074	533102
2173	15080	730039
2174	15099	206031
2175	15102	287506
2176	15103	563651
2177	15106	487237
2178	15114	448981
2179	15129	9257
2180	15133	384276
2181	15143	166693
2182	15148	72191
2183	15158	1185468
2184	15164	907778
2185	15174	902376
2186	15178	364668
2187	15180	396416
2188	15181	413821
2189	15188	497169
2190	15189	491503
2191	15190	622435
2192	15194	428177
2193	15197	543122
2194	15199	837989
2195	15204	713163
2196	15206	586120
2197	15209	2771
2198	15210	532232
2199	15211	448013
2200	15214	163229
2201	15219	827490
2202	15222	896826
2203	15226	77061
2204	15231	560943
2205	15232	275421
2206	15250	701479
2207	15254	524306
2208	15258	848211
2209	15261	192036
2210	15266	934979
2211	15270	528351
2212	15276	108519
2213	15288	907279
2214	15301	948430
2215	15302	68451
2216	15308	509510
2217	15315	169243
2218	15325	368692
2219	15329	907778
2220	15337	887429
2221	15342	907279
2222	15343	907778
2223	15350	622435
2224	15357	425045
2225	15364	163937
2226	15367	275421
2227	15375	675574
2228	15382	622435
2229	15385	665737
2230	15391	58129
2231	15393	99901
2232	15395	1915342
2233	15401	404303
2234	15407	907279
2235	15416	654570
2236	15423	950224
2237	15437	400912
2238	15443	357028
2239	15447	72911
2240	15448	397963
2241	15449	336237
2242	15451	838820
2243	15455	75960
2244	15458	759041
2245	15460	746008
2246	15468	837989
2247	15473	396416
2248	15475	329039
2249	15477	307819
2250	15482	940488
2251	15486	356931
2252	15506	288986
2253	15509	524306
2254	15511	102373
2255	15516	102908
2256	15517	781169
2257	15526	511729
2258	15532	718201
2259	15534	6943
2260	15546	206031
2261	15554	832952
2262	15568	554669
2263	15576	20082
2264	15578	448981
2265	15587	477743
2266	15598	410282
2267	15611	299154
2268	15615	831958
2269	15616	517786
2270	15623	299154
2271	15626	738653
2272	15628	66247
2273	15629	687741
2274	15631	163937
2275	15634	584778
2276	15638	75318
2277	15640	397313
2278	15647	617202
2279	15656	654570
2280	15664	795851
2281	15667	284057
2282	15668	428177
2283	15670	907778
2284	15673	794119
2285	15677	184632
2286	15682	779480
2287	15683	487237
2288	15685	736610
2289	15687	517786
2290	15691	934979
2291	15705	140027
2292	15711	654570
2293	15715	309567
2294	15716	419265
2295	15719	701955
2296	15723	368692
2297	15725	467396
2298	15728	234608
2299	15732	75318
2300	15734	401429
2301	15741	73592
2302	15742	437336
2303	15752	487237
2304	15754	487237
2305	15757	321216
2306	15763	307819
2307	15769	167424
2308	15778	194492
2309	15789	400912
2310	15804	245385
2311	15805	397963
2312	15807	163937
2313	15808	119378
2314	15829	940546
2315	15834	617202
2316	15835	589616
2317	15838	1963198
2318	15847	793684
2319	15848	383856
2320	15849	3226
2321	15850	3226
2322	15852	861703
2323	15853	569645
2324	15856	428177
2325	15864	122
2326	15866	831958
2327	15879	234608
2328	15888	307819
2329	15890	538001
2330	15893	85869
2331	15895	347451
2332	15899	428177
2333	15900	522871
2334	15904	428177
2335	15922	509510
2336	15923	953123
2337	15940	837989
2338	15946	560857
2339	15948	907778
2340	15953	428177
2341	15958	258941
2342	15961	147749
2343	15968	74790
2344	15969	74790
2345	15984	455938
2346	15998	631988
2347	16008	425045
2348	16018	1963198
2349	16032	487237
2350	16033	332531
2351	16036	73238
2352	16044	580648
2353	16049	699877
2354	16050	66247
2355	16059	9257
2356	16060	131460
2357	16067	487237
2358	16079	323325
2359	16085	307819
2360	16089	832974
2361	16108	617202
2362	16120	547155
2363	16130	368692
2364	16134	329312
2365	16135	193617
2366	16139	808586
2367	16144	331482
2368	16147	307819
2369	16152	397963
2370	16158	565402
2371	16164	225182
2372	16167	561699
2373	16168	164596
2374	16184	323325
2375	16185	839978
2376	16190	569645
2377	16192	878982
2378	16197	387000
2379	16213	934979
2380	16218	394291
2381	16224	837989
2382	16227	808230
2383	16243	394291
2384	16244	388554
2385	16245	47889
2386	16252	72315
2387	16254	821295
2388	16277	751292
2389	16278	77061
2390	16279	85869
2391	16310	903049
2392	16313	454513
2393	16314	934979
2394	16315	448981
2395	16324	770337
2396	16326	795851
2397	16331	822627
2398	16340	66247
2399	16343	232980
2400	16344	793684
2401	16351	183278
2402	16353	770337
2403	16363	791019
2404	16369	509510
2405	16370	339548
2406	16372	605034
2407	16382	934979
2408	16384	492912
2409	16393	316717
2410	16397	615868
2411	16402	517786
2412	16405	808893
2413	16408	457879
2414	16410	265572
2415	16412	861703
2416	16415	285873
2417	16431	189114
2418	16440	428177
2419	16444	652193
2420	16453	590102
2421	16455	317200
2422	16456	66247
2423	16475	356931
2424	16477	394291
2425	16484	2049606
2426	16486	622435
2427	16493	163229
2428	16494	164856
2429	16498	808586
2430	16501	11343
2431	16506	909925
2432	16516	398464
2433	16529	580648
2434	16535	837989
2435	16536	622435
2436	16539	66247
2437	16542	566338
2438	16553	115040
2439	16554	372698
2440	16556	163937
2441	16558	838820
2442	16559	877201
2443	16561	301961
2444	16569	51354
2445	16570	67128
2446	16571	120762
2447	16573	244212
2448	16574	301961
2449	16642	650553
2450	16650	751292
2451	16653	726588
2452	16670	279404
2453	16675	934979
2454	16683	163937
2455	16686	115040
2456	16694	437336
2457	16704	896675
2458	16713	115040
2459	16719	73592
2460	16726	684816
2461	16727	397022
2462	16734	950224
2463	16754	428177
2464	16758	635205
2465	16760	35158
2466	16764	843364
2467	16766	843364
2468	16767	517786
2469	16768	169243
2470	16771	189114
2471	16777	103024
2472	16780	168031
2473	16781	1185468
2474	16787	47889
2475	16790	487237
2476	16792	487237
2477	16795	487237
2478	16796	487237
2479	16800	279404
2480	16801	907778
2481	16803	645060
2482	16807	75318
2483	16810	321973
2484	16814	652650
2485	16816	164856
2486	16817	662526
2487	16824	111564
2488	16838	47889
2489	16841	212244
2490	16846	896675
2491	16862	646056
2492	16864	808230
2493	16879	169879
2494	16882	11485
2495	16883	706189
2496	16890	420203
2497	16894	168829
2498	16909	422097
2499	16911	1963198
2500	16915	194492
2501	16941	956103
2502	16943	355739
2503	16950	163937
2504	16953	266691
2505	16962	881333
2506	16963	11485
2507	16964	661844
2508	16973	9205
2509	16976	428177
2510	16981	641301
2511	16982	1656364
2512	16994	779480
2513	17007	235590
2514	17022	848974
2515	17024	331482
2516	17026	843364
2517	17030	472812
2518	17062	414428
2519	17065	321973
2520	17067	622435
2521	17070	216755
2522	17081	795703
2523	17084	2209
2524	17085	517786
2525	17086	323325
2526	17095	457560
2527	17097	109264
2528	17112	517786
2529	17116	352026
2530	17124	177468
2531	17125	687741
2532	17141	622435
2533	17143	887429
2534	17150	575099
2535	17160	547938
2536	17171	518711
2537	17206	843364
2538	17207	163937
2539	17215	617203
2540	17224	388554
2541	17233	604526
2542	17234	843364
2543	17239	66247
2544	17259	622435
2545	17260	451615
2546	17263	72911
2547	17267	75318
2548	17288	83532
2549	17297	329312
2550	17301	617202
2551	17303	808586
2552	17304	843364
2553	17315	384330
2554	17316	244212
2555	17320	111564
2556	17327	768362
2557	17366	413821
2558	17372	895048
2559	17376	895048
2560	17377	368692
2561	17384	808586
2562	17386	604679
2563	17388	933133
2564	17397	317207
2565	17399	19836
2566	17413	83532
2567	17415	2177
2568	17429	852864
2569	17445	398464
2570	17447	857710
2571	17452	770337
2572	17455	721840
2573	17459	366689
2574	17465	420203
2575	17466	953123
2576	17468	428177
2577	17489	494673
2578	17511	77061
2579	17513	235590
2580	17523	395130
2581	17535	745984
2582	17547	111564
2583	17548	606094
2584	17561	683967
2585	17563	428177
2586	17575	903049
2587	17582	28636
2588	17583	881333
2589	17589	1155925
2590	17594	245213
2591	17596	1949273
2592	17617	852864
2593	17648	463018
2594	17659	163937
2595	17669	281556
2596	17673	321973
2597	17675	397963
2598	17696	309567
2599	17702	151310
2600	17718	665737
2601	17723	651000
2602	17729	907778
2603	17732	346843
2604	17740	420203
2605	17741	249317
2606	17764	269679
2607	17766	397963
2608	17768	490660
2609	17770	926382
2610	17783	346843
2611	17784	701557
2612	17787	336984
2613	17793	701557
2614	17796	920384
2615	17810	17893
2616	17811	372698
2617	17819	853042
2618	17823	728628
2619	17835	83742
2620	17839	493960
2621	17840	119378
2622	17846	831720
2623	17855	491048
2624	17879	75318
2625	17884	333730
2626	17911	581721
2627	17912	509510
2628	17916	687741
2629	17918	1196
2630	17923	226189
2631	17932	170401
2632	17933	164596
2633	17948	1949273
2634	17950	590361
2635	17951	428177
2636	17952	51354
2637	17954	266691
2638	17957	75318
2639	17960	581721
2640	17961	575963
2641	17967	907778
2642	17968	420203
2643	17970	336654
2644	17971	299343
2645	17974	269679
2646	17988	472812
2647	17989	721840
2648	17994	1949273
2649	18001	602007
2650	18007	593671
2651	18010	590361
2652	18012	726991
2653	18015	152165
2654	18038	547966
2655	18040	368692
2656	18041	728519
2657	18047	949130
2658	18050	75318
2659	18054	534221
2660	18055	934979
2661	18060	368692
2662	18066	953515
2663	18068	3490
2664	18076	413821
2665	18082	83532
2666	18099	75318
2667	18103	843364
2668	18151	95663
2669	18157	413821
2670	18158	1949273
2671	18168	940304
2672	18169	236980
2673	18171	494333
2674	18173	503070
2675	18187	532551
2676	18192	304098
2677	18223	104355
2678	18224	420203
2679	18229	75318
2680	18236	75318
2681	18239	857949
2682	18244	413821
2683	18257	949617
2684	18258	74790
2685	18262	75318
2686	18263	721074
2687	18267	104377
2688	18277	397963
2689	18285	397022
2690	18295	305771
2691	18300	701557
2692	18301	604526
2693	18303	387000
2694	18309	307819
2695	18315	176472
2696	18322	269679
2697	18323	397963
2698	18329	274425
2699	18334	739971
2700	18336	397963
2701	18337	843364
2702	18359	485943
2703	18360	565242
2704	18361	497736
2705	18366	843364
2706	18369	570130
2707	18378	414428
2708	18385	346843
2709	18396	907778
2710	18410	258506
2711	18421	111564
2712	18428	516648
2713	18443	486528
2714	18444	397963
2715	18447	933133
2716	18448	47889
2717	18452	907778
2718	18458	520501
2719	18475	491636
2720	18478	561230
2721	18485	575099
2722	18486	795851
2723	18490	622435
2724	18498	364211
2725	18500	823088
2726	18504	22216
2727	18506	69767
2728	18508	1258377
2729	18509	370
2730	18516	687741
2731	18519	274425
2732	18520	307321
2733	18533	475941
2734	18553	712002
2735	18557	414428
2736	18562	701557
2737	18563	19836
2738	18568	430756
2739	18593	824274
2740	18598	397963
2741	18607	652974
2742	18609	307321
2743	18632	721074
2744	18640	140902
2745	18657	776456
2746	18688	422404
2747	18690	91400
2748	18703	66247
2749	18707	509510
2750	18715	288986
2751	18767	285643
2752	18768	297884
2753	18773	122
2754	18775	721074
2755	18788	205244
2756	18811	400912
2757	18815	831958
2758	18828	77061
2759	18829	82840
2760	18834	381810
2761	18835	227062
2762	18844	518108
2763	18848	627547
2764	18854	515990
2765	18860	907778
2766	18867	151949
2767	18873	590
2768	18888	641045
2769	18899	14319
2770	18914	78750
2771	18921	526972
2772	18922	423329
2773	18933	77061
2774	18934	142056
2775	18940	518514
2776	18949	201405
2777	18955	1749084
2778	18956	494259
2779	18961	1273267
2780	18967	423964
2781	18968	423964
2782	18973	581721
2783	18983	163937
2784	18985	388554
2785	18994	927468
2786	19007	368692
2787	19043	455938
2788	19046	590839
2789	19051	947640
2790	19068	9205
2791	19072	270838
2792	19092	507165
2793	19117	823088
2794	19122	380711
2795	19127	36749
2796	19138	500743
2797	19143	908624
2798	19161	388554
2799	19168	232249
2800	19169	378540
2801	19172	60654
2802	19173	590361
2803	19174	712002
2804	19176	215301
2805	19183	492895
2806	19186	243295
2807	19188	299343
2808	19192	388554
2809	19198	1720536
2810	19203	128361
2811	19218	590361
2812	19225	895048
2813	19242	865274
2814	19249	581721
2815	19253	381902
2816	19260	411632
2817	19265	394524
2818	19281	947640
2819	19283	370
2820	19298	57467
2821	19300	1185755
2822	19308	463018
2823	19310	521467
2824	19326	908624
2825	19336	795528
2826	19356	649478
2827	19358	580648
2828	19365	227122
2829	19371	533102
2830	19381	337914
2831	19383	416258
2832	19384	170959
2833	19421	361882
2834	19427	645060
2835	19440	243707
2836	19458	935999
2837	19475	388554
2838	19509	2190
2839	19523	321216
2840	19526	795528
2841	19527	140300
2842	19543	654868
2843	19546	411632
2844	19556	907778
2845	19583	88456
2846	19602	66247
2847	19606	870115
2848	19607	907778
2849	19617	935999
2850	19618	216941
2851	19620	1131857
2852	19624	834496
2853	19629	721074
2854	19639	695712
2855	19641	388554
2856	19643	296390
2857	19649	235590
2858	19650	937149
2859	19651	454074
2860	19672	569645
2861	19679	548403
2862	19700	929616
2863	19718	618169
2864	19719	388554
2865	19728	499628
2866	19733	198105
2867	19734	387791
2868	19749	937149
2869	19760	895048
2870	19784	163937
2871	19802	229445
2872	19810	810290
2873	19819	299421
2874	19825	245213
2875	19836	1890749
2876	19847	886000
2877	19854	869389
2878	19863	337914
2879	19868	204617
2880	19873	321216
2881	19878	139356
2882	19879	935999
2883	19885	8495
2884	19894	66247
2885	19905	163937
2886	19911	353476
2887	19914	163937
2888	19915	957652
2889	19940	121667
2890	19960	491503
2891	19961	388554
2892	19971	917394
2893	19974	281556
2894	19990	581721
2895	20003	907778
2896	20006	913703
2897	20008	486797
2898	20011	889172
2899	20023	549025
2900	20028	457447
2901	20035	89974
2902	20067	712002
2903	20070	26276
2904	20084	935999
2905	20087	564970
2906	20089	794280
2907	20090	70361
2908	20093	883335
2909	20117	937149
2910	20137	935999
2911	20154	937149
2912	20155	105734
2913	20159	844459
2914	20165	292013
2915	20178	509510
2916	20199	509510
2917	20231	530731
2918	20252	1672266
2919	20259	746008
2920	20263	561160
2921	20269	71596
2922	20284	60654
2923	20301	698839
2924	20322	955072
2925	20330	569645
2926	20338	597205
2927	20342	1115644
2928	20360	1873948
2929	20361	411632
2930	20372	303120
2931	20382	254690
2932	20389	811914
2933	20394	388554
2934	20414	6298
2935	20421	313888
2936	20427	432643
2937	20431	422097
2938	20440	137829
2939	20444	9786
2940	20447	614225
2941	20473	581721
2942	20485	697
2943	20514	332539
2944	20515	397022
2945	20519	617757
2946	20522	532551
2947	20528	183690
2948	20533	870052
2949	20542	187256
2950	20544	2189946
2951	20545	776456
2952	20547	688543
2953	20548	955072
2954	20559	405081
2955	20566	633792
2956	20579	388554
2957	20594	425456
2958	20623	945868
2959	20624	299343
2960	20636	1064054
2961	20646	395130
2962	20648	860194
2963	20650	842485
2964	20652	633792
2965	20671	907778
2966	20672	810290
2967	20675	281556
2968	20682	472812
2969	20689	860194
2970	20692	907778
2971	20701	534226
2972	20714	712060
2973	20723	935999
2974	20745	937149
2975	20753	15051
2976	20774	244212
2977	20792	932328
2978	20795	935999
2979	20801	869999
2980	20806	187256
2981	20808	337914
2982	20817	937149
2983	20818	776456
2984	20823	332539
2985	20830	238750
2986	20831	907778
2987	20833	331482
2988	20858	776456
2989	20884	622435
2990	20885	319013
2991	20886	472812
2992	20888	140562
2993	20927	1211
2994	20934	332539
2995	20943	397963
2996	20955	565187
2997	20969	281556
2998	20972	907778
2999	20981	1661900
3000	20991	935999
3001	20995	427328
3002	20996	134252
3003	21007	413531
3004	21014	594701
3005	21017	119378
3006	21028	633792
3007	21035	63319
3008	21036	907778
3009	21039	63570
3010	21044	397608
3011	21068	281556
3012	21075	680037
3013	21076	500749
3014	21082	742540
3015	21089	907778
3016	21098	795851
3017	21103	712060
3018	21107	404484
3019	21116	935999
3020	21117	413711
3021	21135	610207
3022	21142	367518
3023	21154	955072
3024	21172	21933
3025	21173	285497
3026	21179	920465
3027	21184	216755
3028	21198	118512
3029	21202	565187
3030	21208	371771
3031	21211	585502
3032	21226	510383
3033	21236	72185
3034	21238	935999
3035	21247	816458
3036	21248	472812
3037	21306	247484
3038	21308	236980
3039	21321	937905
3040	21323	396876
3041	21331	168413
3042	21339	907778
3043	21378	844459
3044	21380	293989
3045	21392	872308
3046	21399	101934
3047	21409	163229
3048	21414	247484
3049	21450	134252
3050	21451	281556
3051	21459	695292
3052	21469	622435
3053	21490	247484
3054	21501	58179
3055	21509	163937
3056	21514	86452
3057	21516	274313
3058	21517	714384
3059	21519	377127
3060	21522	358564
3061	21547	907778
3062	21551	49898
3063	21555	292134
3064	21571	235590
3065	21579	122675
3066	21593	907778
3067	21613	120762
3068	21618	622435
3069	21621	792845
3070	21629	680030
3071	21646	907778
3072	21667	377127
3073	21670	532622
3074	21671	347589
3075	21675	907778
3076	21683	31019
3077	21684	664251
3078	21693	269679
3079	21694	811033
3080	21707	907778
3081	21709	907778
3082	21714	510383
3083	21715	790352
3084	21740	358564
3085	21743	120762
3086	21745	394267
3087	21747	255980
3088	21779	811033
3089	21783	581721
3090	21789	385171
3091	21795	31019
3092	21796	388554
3093	21806	907778
3094	21810	210701
3095	21844	584778
3096	21862	163937
3097	21863	31019
3098	21868	68419
3099	21869	799848
3100	21876	627454
3101	21878	907778
3102	21886	119378
3103	21896	869389
3104	21899	104942
3105	21909	732452
3106	21925	1248878
3107	21926	57456
3108	21933	892045
3109	21940	622435
3110	21945	604679
3111	21950	416258
3112	21957	621540
3113	21958	907778
3114	21973	276252
3115	21993	281556
3116	22007	425615
3117	22012	864203
3118	22014	319841
3119	22023	907778
3120	22027	458283
3121	22033	1272071
3122	22036	621540
3123	22049	875
3124	22050	292134
3125	22052	472812
3126	22061	236980
3127	22076	410392
3128	22077	57456
3129	22080	670643
3130	22088	907778
3131	22089	907778
3132	22099	325216
3133	22113	907778
3134	22119	542534
3135	22125	656528
3136	22128	732452
3137	22139	308604
3138	22141	77220
3139	22161	405081
3140	22172	201405
3141	22189	676765
3142	22190	405147
3143	22194	407456
3144	22195	869389
3145	22205	332539
3146	22210	621540
3147	22227	907778
3148	22229	556178
3149	22252	136278
3150	22267	263346
3151	22269	661844
3152	22274	907778
3153	22287	420203
3154	22294	811033
3155	22295	281556
3156	22306	87704
3157	22310	869389
3158	22311	849806
3159	22313	244212
3160	22316	869389
3161	22325	907778
3162	22329	582951
3163	22342	894022
3164	22346	301961
3165	22348	254690
3166	22351	514755
3167	22354	377127
3168	22357	547966
3169	22358	818416
3170	22371	593180
3171	22377	869389
3172	22379	703528
3173	22384	545730
3174	22387	732452
3175	22389	845395
3176	22394	423964
3177	22398	309567
3178	22399	636217
3179	22413	102908
3180	22415	29049
3181	22416	201405
3182	22417	36445
3183	22427	664251
3184	22436	723418
3185	22449	384616
3186	22450	869389
3187	22462	897118
3188	22463	829330
3189	22473	791019
3190	22488	454129
3191	22494	700259
3192	22503	836755
3193	22509	440261
3194	22513	244212
3195	22515	26153
3196	22530	621540
3197	22536	308177
3198	22537	922951
3199	22551	613848
3200	22552	266691
3201	22555	472812
3202	22557	410392
3203	22566	604940
3204	22574	15399
3205	22575	622435
3206	22593	783831
3207	22596	626773
3208	22599	163229
3209	22611	699535
3210	22626	728307
3211	22630	907778
3212	22633	297414
3213	22634	594701
3214	22647	780799
3215	22648	955072
3216	22686	864451
3217	22693	145353
3218	22702	497169
3219	22728	921062
3220	22731	637040
3221	22756	17893
3222	22759	907778
3223	22760	619108
3224	22763	455938
3225	22770	337914
3226	22773	416258
3227	22782	907778
3228	22783	767878
3229	22806	532591
3230	22807	1211
3231	22826	887429
3232	22836	201405
3233	22840	236980
3234	22848	57471
3235	22857	621540
3236	22858	902376
3237	22859	697
3238	22861	522871
3239	22865	335831
3240	22866	396876
3241	22877	656528
3242	22883	1211
3243	22884	869389
3244	22886	163937
3245	22906	522871
3246	22908	932328
3247	22915	907778
3248	22926	932328
3249	22931	532551
3250	22934	119378
3251	22941	584778
3252	22946	85085
3253	22948	742540
3254	22957	905729
3255	22966	281556
3256	22970	1022035
3257	22981	119378
3258	22989	662526
3259	22992	385171
3260	22994	907778
3261	22995	627454
3262	23005	869389
3263	23021	558019
3264	23024	292134
3265	23036	839000
3266	23059	377127
3267	23060	507021
3268	23070	586267
3269	23071	235590
3270	23089	6943
3271	23090	6943
3272	23092	427723
3273	23096	876811
3274	23098	907778
3275	23102	680030
3276	23118	388554
3277	23120	236980
3278	23122	292134
3279	23124	102908
3280	23159	907778
3281	23162	519556
3282	23182	869389
3283	23183	102908
3284	23186	119378
3285	23197	633792
3286	23199	304098
3287	23205	494522
3288	23218	522871
3289	23226	513563
3290	23236	252
3291	23247	57456
3292	23251	907778
3293	23254	267537
3294	23270	292134
3295	23276	396876
3296	23280	554835
3297	23304	385171
3298	23306	621540
3299	23316	287124
3300	23321	497169
3301	23324	782707
3302	23338	653358
3303	23344	201405
3304	23347	31019
3305	23348	6943
3306	23351	80463
3307	23354	586120
3308	23357	522871
3309	23371	907003
3310	23376	387791
3311	23383	907778
3312	23386	748439
3313	23391	176472
3314	23399	869389
3315	23401	795851
3316	23421	782707
3317	23424	607583
3318	23439	907778
3319	23450	633792
3320	23483	906291
3321	23499	174377
3322	23501	954673
3323	23513	706189
3324	23518	819748
3325	23524	237033
3326	23539	169243
3327	23549	522871
3328	23561	299343
3329	23564	236980
3330	23566	102908
3331	23570	236980
3332	23578	491048
3333	23579	712002
3334	23592	522871
3335	23616	1015499
3336	23617	408348
3337	23621	236980
3338	23624	526590
3339	23630	213138
3340	23635	892045
3341	23650	31019
3342	23651	869389
3343	23668	1703665
3344	23691	226967
3345	23692	31019
3346	23693	617202
3347	23699	907778
3348	23711	869999
3349	23714	781169
3350	23725	467396
3351	23746	299343
3352	23751	211847
3353	23752	529816
3354	23758	728307
3355	23779	1211
3356	23793	842485
3357	23808	335831
3358	23810	191897
3359	23817	49898
3360	23822	756861
3361	23839	292134
3362	23858	491048
3363	23870	287506
3364	23889	812221
3365	23901	513744
3366	23909	730905
3367	23911	723418
3368	23925	252
3369	23928	413590
3370	23941	118512
3371	23950	907778
3372	23966	238276
3373	23968	774072
3374	23972	955109
3375	23978	903160
3376	24020	526590
3377	24026	309856
3378	24027	579951
3379	24029	471341
3380	24031	766507
3381	24042	292134
3382	24052	884318
3383	24058	909436
3384	24076	260567
3385	24080	91380
3386	24081	777020
3387	24082	236980
3388	24085	299343
3389	24087	263912
3390	24092	49898
3391	24113	1839156
3392	24121	405509
3393	24129	499628
3394	24132	566752
3395	24142	388554
3396	24178	396876
3397	24194	390004
3398	24197	299343
3399	24199	47889
3400	24203	711366
3401	24214	621540
3402	24251	433288
3403	24254	626773
3404	24255	728753
3405	24265	932888
3406	24293	556814
3407	24304	174377
3408	24316	491048
3409	24327	810158
3410	24341	371776
3411	24345	484317
3412	24351	66980
3413	24365	549217
3414	24371	680030
3415	24380	601061
3416	24437	314046
3417	24438	111075
3418	24443	876811
3419	24446	1211
3420	24447	211847
3421	24456	385171
3422	24461	781918
3423	24465	2545
3424	24476	914362
3425	24480	163229
3426	24483	811033
3427	24487	907003
3428	24491	768536
3429	24500	102908
3430	24519	281556
3431	24524	795851
3432	24525	530731
3433	24527	246859
3434	24528	955072
3435	24581	469915
3436	24582	928915
3437	24593	741656
3438	24603	954691
3439	24605	218626
3440	24619	870052
3441	24628	448883
3442	24638	1633122
3443	24647	447472
3444	24656	179993
3445	24665	398464
3446	24666	3073710
3447	24679	817809
3448	24681	1211
3449	24694	61503
3450	24706	491048
3451	24724	254690
3452	24727	522871
3453	24736	778306
3454	24741	2277068
3455	24751	582293
3456	24761	533102
3457	24782	448883
3458	24784	500058
3459	24787	522871
3460	24795	869389
3461	24799	687300
3462	24801	412235
3463	24802	530731
3464	24803	897118
3465	24805	878328
3466	24809	49898
3467	24818	795851
3468	24839	812221
3469	24843	377127
3470	24869	119378
3471	24871	795851
3472	24884	795851
3473	24886	780799
3474	24891	768536
3475	24902	102908
3476	24911	622435
3477	24918	400638
3478	24919	526590
3479	24957	849806
3480	25003	566745
3481	25006	384616
3482	25018	959178
3483	25021	494522
3484	25027	304098
3485	25040	842485
3486	25041	622435
3487	25043	163229
3488	25044	333476
3489	25046	564610
3490	25053	681157
3491	25072	807383
3492	25084	485676
3493	25085	212448
3494	25098	375958
3495	25108	309856
3496	25110	385171
3497	25158	680030
3498	25174	795851
3499	25176	124918
3500	25177	905729
3501	25189	889172
3502	25191	245213
3503	25205	65311
3504	25210	870052
3505	25211	842605
3506	25212	703528
3507	25227	80
3508	25229	913712
3509	25231	795851
3510	25255	769076
3511	25269	309856
3512	25282	565242
3513	25296	905729
3514	25302	252
3515	25311	586020
3516	25328	812221
3517	25353	755457
3518	25354	442519
3519	25373	102908
3520	25381	276252
3521	25387	450380
3522	25403	826452
3523	25413	907778
3524	25440	102908
3525	25443	158737
3526	25450	385171
3527	25455	663858
3528	25456	280904
3529	25460	795851
3530	25465	821131
3531	25476	850563
3532	25477	823088
3533	25488	12148
3534	25490	385171
3535	25502	730018
3536	25506	285808
3537	25507	500585
3538	25518	640784
3539	25531	189378
3540	25537	913297
3541	25556	304098
3542	25558	539942
3543	25561	412235
3544	25614	202185
3545	25636	844538
3546	25641	183183
3547	25643	72185
3548	25646	451759
3549	25655	957538
3550	25671	879029
3551	25672	157102
3552	25696	252
3553	25699	663858
3554	25700	420203
3555	25727	185761
3556	25738	58283
3557	25796	697362
3558	25808	602840
3559	25809	930178
3560	25811	877660
3561	25813	307321
3562	25819	566752
3563	25824	725257
3564	25830	102908
3565	25837	385171
3566	25841	646316
3567	25861	494522
3568	25863	560395
3569	25871	440868
3570	25911	895048
3571	25949	144848
3572	25950	795851
3573	25955	576023
3574	25968	254690
3575	25978	309856
3576	26000	331939
3577	26006	378540
3578	26020	528690
3579	26028	860145
3580	26042	380923
3581	26049	619883
3582	26054	601061
3583	26067	313124
3584	26082	629580
3585	26087	831670
3586	26090	503814
3587	26098	579951
3588	26112	634524
3589	26127	31019
3590	26147	65425
3591	26156	578804
3592	26158	60734
3593	26168	287506
3594	26170	708839
3595	26181	728307
3596	26201	805590
3597	26208	26153
3598	26209	624714
3599	26222	257481
3600	26230	223248
3601	26241	747233
3602	26243	422382
3603	26253	236980
3604	26261	236418
3605	26272	11535
3606	26273	663858
3607	26300	239628
3608	26301	494522
3609	26316	281556
3610	26317	903160
3611	26331	791068
3612	26334	297414
3613	26353	193827
3614	26355	66247
3615	26360	747233
3616	26362	850895
3617	26363	332539
3618	26378	469915
3619	26386	396876
3620	26391	57467
3621	26401	403346
3622	26407	422382
3623	26408	434835
3624	26414	930178
3625	26423	403757
3626	26426	448981
3627	26434	53726
3628	26441	319286
3629	26443	385171
3630	26445	634524
3631	26450	299343
3632	26470	862209
3633	26471	811914
3634	26494	12148
3635	26497	70361
3636	26515	576046
3637	26516	548094
3638	26526	170401
3639	26530	97867
3640	26533	339326
3641	26549	299343
3642	26552	700259
3643	26555	66247
3644	26556	727225
3645	26565	871166
3646	26567	102908
3647	26578	955072
3648	26608	292134
3649	26613	853405
3650	26614	663858
3651	26615	309856
3652	26623	532591
3653	26633	1699783
3654	26645	1883321
3655	26677	866299
3656	26683	821131
3657	26701	170401
3658	26703	656528
3659	26709	214518
3660	26711	627454
3661	26727	597330
3662	26731	31019
3663	26743	269679
3664	26761	579951
3665	26763	611124
3666	26764	254690
3667	26774	849806
3668	26785	662751
3669	26794	161354
3670	26800	380600
3671	26801	307321
3672	26809	748439
3673	26816	810324
3674	26824	483157
3675	26832	856161
3676	26837	542730
3677	26842	483157
3678	26844	849806
3679	26845	290467
3680	26847	351506
3681	26848	72185
3682	26855	347589
3683	26878	12148
3684	26894	907778
3685	26898	223248
3686	26900	227719
3687	26903	419591
3688	26907	669840
3689	26908	663858
3690	26909	516121
3691	26925	12148
3692	26928	330418
3693	26929	622435
3694	26931	66247
3695	26941	183183
3696	26946	871166
3697	26947	721074
3698	26971	819748
3699	26975	607988
3700	26981	819748
3701	26988	202681
3702	26993	913712
3703	27006	236980
3704	27015	102908
3705	27021	223248
3706	27026	67676
3707	27030	380923
3708	27033	189405
3709	27036	795851
3710	27048	548094
3711	27049	26639
3712	27058	774539
3713	27060	795851
3714	27076	590839
3715	27077	494522
3716	27087	102908
3717	27091	310767
3718	27097	115669
3719	27111	483157
3720	27120	613806
3721	27128	102908
3722	27141	602840
3723	27152	12148
3724	27159	105151
3725	27163	621540
3726	27167	236980
3727	27180	292134
3728	27181	1430642
3729	27183	455504
3730	27193	70240
3731	27199	102908
3732	27201	551869
3733	27209	795851
3734	27217	292134
3735	27223	548094
3736	27237	455938
3737	27243	482254
3738	27249	250870
3739	27263	869073
3740	27264	409757
3741	27271	886703
3742	27272	453885
3743	27281	821707
3744	27283	2021
3745	27296	756686
3746	27301	317319
3747	27312	621540
3748	27319	458283
3749	27321	894579
3750	27322	309856
3751	27330	430538
3752	27341	957538
3753	27352	842740
3754	27353	812221
3755	27372	293166
3756	27385	422382
3757	27398	394774
3758	27424	345997
3759	27444	293166
3760	27451	222164
3761	27453	877414
3762	27468	725439
3763	27489	656528
3764	27504	469166
3765	27519	928108
3766	27522	518108
3767	27529	12148
3768	27530	422382
3769	27543	414673
3770	27550	238276
3771	27557	639130
3772	27572	238750
3773	27574	530731
3774	27585	335831
3775	27599	930178
3776	27601	340599
3777	27606	744023
3778	27618	795851
3779	27621	873707
3780	27624	713204
3781	27633	77061
3782	27634	871270
3783	27650	309856
3784	27654	447682
3785	27663	903162
3786	27678	55590
3787	27682	627454
3788	27698	570305
3789	27712	292134
3790	27714	115669
3791	27721	883017
3792	27722	877414
3793	27731	795851
3794	27737	309856
3795	27755	898146
3796	27771	403216
3797	27775	357899
3798	27778	703656
3799	27806	913712
3800	27807	394774
3801	27822	590839
3802	27828	2260440
3803	27834	872112
3804	27848	108579
3805	27854	548094
3806	27879	334986
3807	27888	924120
3808	27896	673585
3809	27927	503836
3810	27928	503836
3811	27929	503836
3812	27943	826854
3813	27956	849806
3814	27961	821707
3815	27977	122
3816	27978	347589
3817	27981	414673
3818	27993	12148
3819	27994	257481
3820	28012	899551
3821	28025	105564
3822	28028	266691
3823	28036	270604
3824	28052	407456
3825	28072	853405
3826	28076	924901
3827	28088	687741
3828	28089	899066
3829	28091	422382
3830	28101	225458
3831	28104	422382
3832	28116	835224
3833	28141	425913
3834	28146	383421
3835	28154	739501
3836	28162	627454
3837	28177	816583
3838	28188	118090
3839	28195	640784
3840	28199	811033
3841	28200	551869
3842	28201	347589
3843	28217	890438
3844	28220	579951
3845	28224	105734
3846	28228	262680
3847	28236	381881
3848	28267	11485
3849	28281	3074673
3850	28284	414673
3851	28294	288111
3852	28308	593632
3853	28314	1310570
3854	28322	248108
3855	28324	102908
3856	28339	725269
3857	28356	375484
3858	28358	920229
3859	28360	469166
3860	28362	357498
3861	28364	786545
3862	28375	394774
3863	28376	810256
3864	28379	422382
3865	28402	170401
3866	28407	414673
3867	28408	287506
3868	28435	886703
3869	28436	591748
3870	28441	55590
3871	28446	466992
3872	28448	309856
3873	28451	579951
3874	28456	747233
3875	28457	904270
3876	28460	530731
3877	28467	519303
3878	28490	819293
3879	28503	113954
3880	28507	292134
3881	28510	688853
3882	28515	25926
3883	28521	928108
3884	28528	688238
3885	28536	445070
3886	28550	292134
3887	28564	928108
3888	28574	225458
3889	28577	57467
3890	28594	407808
3891	28617	588003
3892	28649	617202
3893	28663	556591
3894	28666	225458
3895	28674	441188
3896	28696	587689
3897	28701	515751
3898	28712	225458
3899	28716	418600
3900	28726	257481
3901	28730	503836
3902	28745	627454
3903	28746	662526
3904	28750	586267
3905	28751	673023
3906	28760	849806
3907	28784	720101
3908	28786	97887
3909	28803	254461
3910	28808	170401
3911	28818	3836
3912	28821	956391
3913	28828	883017
3914	28833	945428
3915	28836	795851
3916	28843	922213
3917	28845	869389
3918	28847	347589
3919	28869	795851
3920	28875	422382
3921	28876	283133
3922	28907	108579
3923	28910	176762
3924	28911	1294
3925	28917	178313
3926	28927	292134
3927	28937	422382
3928	28942	584778
3929	28947	12148
3930	28962	811914
3931	28974	579951
3932	28987	422382
3933	28989	957538
3934	29005	849806
3935	29013	528690
3936	29025	883017
3937	29033	375958
3938	29042	489521
3939	29061	809548
3940	29077	1718041
3941	29096	866299
3942	29098	956391
3943	29110	25926
3944	29113	292720
3945	29116	166700
3946	29132	438412
3947	29140	1286028
3948	29154	397175
3949	29161	3393188
3950	29188	821707
3951	29198	423964
3952	29206	230776
3953	29211	768594
3954	29230	169243
3955	29247	225458
3956	29248	627454
3957	29256	124571
3958	29257	55119
3959	29265	687046
3960	29272	784754
3961	29276	1022352
3962	29288	225458
3963	29289	447071
3964	29299	474540
3965	29306	422382
3966	29314	590839
3967	29316	687046
3968	29334	236980
3969	29339	725439
3970	29353	651323
3971	29354	225458
3972	29358	422382
3973	29378	795851
3974	29397	883017
3975	29399	747233
3976	29413	403319
3977	29416	903628
3978	29418	903628
3979	29435	720101
3980	29439	245263
3981	29484	849806
3982	29490	520671
3983	29493	617202
3984	29501	236980
3985	29504	422382
3986	29507	903160
3987	29515	828436
3988	29521	513655
3989	29545	438412
3990	29564	328505
3991	29570	317200
3992	29571	202681
3993	29572	398464
3994	29574	11485
3995	29578	227062
3996	29579	354317
3997	29589	275255
3998	29623	843993
3999	29631	639130
4000	29642	80463
4001	29643	472812
4002	29647	563030
4003	29650	332539
4004	29665	115669
4005	29667	422382
4006	29684	383421
4007	29701	118090
4008	29709	589616
4009	29717	903628
4010	29718	903628
4011	29719	903628
4012	29728	569645
4013	29732	375958
4014	29766	849806
4015	29791	548993
4016	29816	947640
4017	29824	903160
4018	29833	597520
4019	29840	606575
4020	29860	524502
4021	29868	933133
4022	29869	940257
4023	29871	902449
4024	29873	696411
4025	29888	328505
4026	29891	403126
4027	29898	627454
4028	29900	44352
4029	29915	622435
4030	29917	905729
4031	29926	218626
4032	29930	821707
4033	29938	662526
4034	29939	922264
4035	29954	228216
4036	29958	266216
4037	29960	720101
4038	29967	229445
4039	29975	207362
4040	29978	210048
4041	29986	688238
4042	29987	885341
4043	29989	720886
4044	29993	682481
4045	30001	731592
4046	30003	747233
4047	30004	383421
4048	30010	396754
4049	30016	587689
4050	30023	396876
4051	30034	362041
4052	30035	597520
4053	30073	749299
4054	30090	115482
4055	30102	207362
4056	30114	272037
4057	30124	44764
4058	30129	587689
4059	30139	153713
4060	30141	799848
4061	30152	257481
4062	30153	804565
4063	30168	627454
4064	30175	768116
4065	30179	905729
4066	30183	928108
4067	30201	185170
4068	30203	1115644
4069	30206	905729
4070	30207	236980
4071	30215	588514
4072	30218	418927
4073	30223	469664
4074	30227	902742
4075	30228	57456
4076	30232	422382
4077	30267	548094
4078	30269	309856
4079	30281	712748
4080	30283	454028
4081	30289	389608
4082	30314	597520
4083	30322	718321
4084	30325	643291
4085	30329	617202
4086	30351	313884
4087	30358	418600
4088	30365	242288
4089	30425	819293
4090	30432	126971
4091	30443	849806
4092	30447	455741
4093	30448	455741
4094	30463	679449
4095	30482	627454
4096	30490	166523
4097	30494	657535
4098	30501	271641
4099	30503	682481
4100	30510	2117383
4101	30513	627454
4102	30519	922000
4103	30522	726166
4104	30523	726166
4105	30537	662526
4106	30540	766507
4107	30544	787284
4108	30549	849806
4109	30552	586267
4110	30566	362041
4111	30584	153713
4112	30588	309856
4113	30595	257481
4114	30598	903628
4115	30599	903628
4116	30603	311525
4117	30604	288111
4118	30608	49918
4119	30613	544289
4120	30614	113954
4121	30619	905729
4122	30642	347589
4123	30659	469166
4124	30664	726588
4125	30667	347589
4126	30672	4244
4127	30678	291515
4128	30687	368692
4129	30690	309856
4130	30693	849806
4131	30721	819293
4132	30722	656528
4133	30729	55119
4134	30737	2611784
4135	30752	83125
4136	30756	77061
4137	30757	292134
4138	30760	396754
4139	30766	397175
4140	30780	762036
4141	30781	388554
4142	30788	309856
4143	30794	905729
4144	30798	287124
4145	30805	787284
4146	30823	928108
4147	30827	958164
4148	30860	383421
4149	30866	11485
4150	30868	469664
4151	30903	617202
4152	30904	169746
4153	30914	548094
4154	30916	903628
4155	30930	123110
4156	30938	404487
4157	30939	909958
4158	30955	356594
4159	30957	469664
4160	30962	257481
4161	30969	849806
4162	30972	687741
4163	30975	544289
4164	30982	166730
4165	30984	249959
4166	30987	436475
4167	31011	202681
4168	31015	72185
4169	31018	849806
4170	31026	563030
4171	31044	101531
4172	31048	466992
4173	31057	388913
4174	31064	716206
4175	31070	434908
4176	31071	949404
4177	31082	907774
4178	31087	411208
4179	31094	313124
4180	31099	853775
4181	31101	504086
4182	31118	673277
4183	31122	434908
4184	31129	888144
4185	31136	727879
4186	31165	617202
4187	31167	394774
4188	31170	25874
4189	31179	469166
4190	31202	597520
4191	31213	587689
4192	31227	588514
4193	31229	856161
4194	31235	118758
4195	31243	55119
4196	31253	436475
4197	31298	475823
4198	31299	475823
4199	31304	236980
4200	31306	515139
4201	31318	640784
4202	31338	579951
4203	31343	588514
4204	31347	355963
4205	31349	309856
4206	31357	817809
4207	31358	117932
4208	31360	902449
4209	31362	739501
4210	31365	806061
4211	31373	406591
4212	31376	587689
4213	31386	257481
4214	31400	956391
4215	31401	588514
4216	31405	587689
4217	31415	436475
4218	31423	726588
4219	31432	404487
4220	31438	811033
4221	31443	905729
4222	31456	902376
4223	31494	640903
4224	31498	461390
4225	31521	178785
4226	31523	210701
4227	31529	126971
4228	31535	115482
4229	31540	321186
4230	31541	863780
4231	31542	795851
4232	31552	587689
4233	31554	728311
4234	31569	381578
4235	31573	853775
4236	31577	389607
4237	31587	309856
4238	31601	53484
4239	31613	291515
4240	31618	849806
4241	31639	687741
4242	31649	302143
4243	31654	794531
4244	31665	383421
4245	31667	115669
4246	31672	851428
4247	31684	932328
4248	31694	426322
4249	31699	394774
4250	31719	488295
4251	31724	829330
4252	31728	155015
4253	31730	318189
4254	31733	169243
4255	31734	115669
4256	31739	464359
4257	31758	990372
4258	31759	151949
4259	31765	249635
4260	31792	768116
4261	31793	115669
4262	31807	903628
4263	31809	903628
4264	31811	587689
4265	31822	389607
4266	31823	792605
4267	31852	818328
4268	31857	388554
4269	31864	747233
4270	31869	597520
4271	31871	617202
4272	31874	231724
4273	31878	207362
4274	31880	622435
4275	31913	287506
4276	31919	235590
4277	31921	178286
4278	31926	618228
4279	31927	388554
4280	31940	687741
4281	31945	455741
4282	31952	711739
4283	31953	928108
4284	31959	899551
4285	31960	249959
4286	31963	291515
4287	31975	627454
4288	31982	287780
4289	31987	28826
4290	31992	956391
4291	32001	782026
4292	32004	915693
4293	32014	687741
4294	32019	383421
4295	32029	115669
4296	32033	588514
4297	32049	498133
4298	32050	690127
4299	32070	314046
4300	32084	903628
4301	32087	1147641
4302	32091	60576
4303	32099	739501
4304	32108	163345
4305	32119	25926
4306	32120	169243
4307	32126	436475
4308	32130	275255
4309	32140	545309
4310	32155	873707
4311	32159	287124
4312	32170	784754
4313	32190	587689
4314	32202	211847
4315	32203	389580
4316	32208	910067
4317	32209	372942
4318	32213	294368
4319	32214	544289
4320	32223	515139
4321	32232	732325
4322	32243	362041
4323	32253	640784
4324	32259	291515
4325	32260	803549
4326	32268	632064
4327	32270	12148
4328	32277	515139
4329	32278	440868
4330	32293	711739
4331	32298	588514
4332	32308	305907
4333	32319	597520
4334	32329	565239
4335	32332	317200
4336	32337	899066
4337	32338	2545
4338	32365	297414
4339	32371	11485
4340	32395	905562
4341	32411	651000
4342	32423	291515
4343	32426	588514
4344	32428	515139
4345	32449	388913
4346	32459	243721
4347	32464	273204
4348	32466	836177
4349	32491	151949
4350	32492	405081
4351	32507	597520
4352	32509	113954
4353	32512	819293
4354	32530	28826
4355	32534	109148
4356	32543	389607
4357	32547	870052
4358	32552	291219
4359	32553	122
4360	32554	2545
4361	32562	1118961
4362	32563	640784
4363	32569	588514
4364	32574	956391
4365	32579	282504
4366	32582	291219
4367	32586	105734
4368	32590	872077
4369	32603	597520
4370	32622	636002
4371	32641	28826
4372	32649	851428
4373	32660	526590
4374	32663	544289
4375	32675	240104
4376	32689	472812
4377	32690	551869
4378	32705	478171
4379	32710	570305
4380	32716	836177
4381	32723	721913
4382	32727	20571
4383	32741	448883
4384	32750	747233
4385	32755	452475
4386	32764	491076
4387	32770	252475
4388	32772	190096
4389	32774	331944
4390	32784	515139
4391	32794	206513
4392	32797	250832
4393	32812	699305
4394	32820	775419
4395	32823	335455
4396	32835	404487
4397	32836	97867
4398	32843	823395
4399	32856	389607
4400	32858	66247
4401	32875	724883
4402	32880	235590
4403	32886	403319
4404	32893	218626
4405	32899	257288
4406	32902	515139
4407	32911	472812
4408	32913	617202
4409	32916	128332
4410	32917	880493
4411	32922	853775
4412	32923	523046
4413	32924	544289
4414	32926	330106
4415	32928	31033
4416	32929	31033
4417	32933	587689
4418	32953	53484
4419	32954	55119
4420	32957	685265
4421	32960	12117
4422	32965	523046
4423	32973	124918
4424	32975	184385
4425	32980	517216
4426	32981	2545
4427	32983	375500
4428	32985	849806
4429	32989	640784
4430	32990	66247
4431	32995	115669
4432	32997	849806
4433	32998	864669
4434	33001	906774
4435	33006	44764
4436	33010	515139
4437	33019	337084
4438	33021	118758
4439	33025	139015
4440	33037	190096
4441	33041	544289
4442	33042	437096
4443	33048	899989
4444	33049	548094
4445	33053	176472
4446	33056	404145
4447	33059	513529
4448	33069	283133
4449	33070	287780
4450	33077	949404
4451	33079	644823
4452	33097	389607
4453	33101	544289
4454	33119	34118
